5249
4069
7427
8038
1128
4493
7169
3787
4752
7739
2140
1698
4091
1916
284
4367
5024
1860
5115
8656
4665
9862
953
6982
9918
7535
9820
6594
4352
3720
1009
5958
1968
8085
8577
2235
8341
8536
1658
7165
4017
1006
5546
141
4982
3474
1962
9453
4922
5942
9541
2563
8464
9003
540
1556
1747
6192
5116
5683
848
987
1519
4584
8259
6055
9224
7619
8016
6041
9760
574
5198
8054
9103
7968
1201
6906
7613
5882
7564
6867
9631
5526
764
8994
6824
5837
2485
4097
5446
4215
3438
6069
6637
8465
3032
7066
7780
3895
9418
2176
9055
8675
7020
6537
6921
2854
4648
9101
3946
2310
5132
3167
905
1119
7409
3417
3601
560
6786
1548
9192
5095
2436
7999
8204
6721
673
8554
1144
2858
1183
4536
3331
1227
3849
7352
7110
3544
5877
1921
2582
2798
2050
7871
304
7804
5622
7328
6768
2090
992
6908
1084
3173
7748
2570
7291
9394
8970
465
3375
1516
6
2110
5208
1903
1590
1925
3687
6367
3047
2326
4291
843
1679
807
9666
3618
1014
6051
8991
9317
5346
4482
3231
4643
1396
4774
6874
4830
123
2757
9674
6481
9616
945
8490
3969
7126
8918
33
3036
3065
391
3297
2354
1976
7196
2618
5964
8035
8403
7023
7377
5029
9711
5044
4233
997
6502
8378
7508
5811
495
5772
5749
89
9887
8535
692
2384
8865
8923
341
8242
8147
1637
1279
7770
4510
8877
3176
1008
4651
3113
6732
1845
1505
5880
3488
8271
8842
2995
8232
3624
6322
7302
3182
8795
8400
8869
1086
9720
7118
7696
4335
2603
4200
1778
5646
1649
4174
4083
8783
1734
84
7491
6709
5539
9513
4642
1166
3635
1584
9607
1255
1053
7844
7488
3707
2371
3424
1919
9092
1844
6516
3403
5305
811
87
4279
1482
2094
7794
1628
8070
7846
8295
8636
2177
6775
5426
7018
1146
4988
5468
1804
7617
4337
5433
8142
7524
387
6048
6669
8220
7772
7207
2919
3900
9860
2252
4735
1283
1674
6544
1531
2700
2697
3149
9163
2758
1885
8354
5736
3133
5337
4717
4862
3043
9164
4618
4181
698
2619
5872
1629
4829
297
6649
9502
5792
7937
7038
1451
2878
5441
8664
9943
6026
9157
4103
9858
336
1577
8958
7210
2826
6522
3915
7834
5368
6691
183
761
660
2042
7515
7766
9269
8327
8620
7623
9120
2621
7242
1317
9095
2842
6122
1281
9001
5885
9
6453
4162
751
8907
5709
8671
6280
4475
2831
1882
994
4851
4811
8876
522
6963
5395
8010
1353
3078
1600
2245
9598
3019
5053
5732
1793
1319
5744
1942
1785
8761
5057
7202
6811
6967
231
652
8036
4918
1663
2670
2291
7211
9133
812
6215
931
3092
1303
8949
4377
2537
5914
9089
4368
5677
4120
8332
6398
260
1501
886
8634
1996
155
2439
7987
7055
2806
7032
5061
8764
8268
8886
8722
2551
8101
7503
6002
1859
7154
9084
2663
1431
5765
3323
4674
8935
7973
1415
5382
7163
9048
7719
3565
5001
4189
6008
8827
7787
7487
4024
6036
2078
5342
5381
4836
5829
9027
2449
1894
1182
4639
4224
6116
1254
6107
9908
1824
6838
4154
6745
1419
6877
7498
403
4251
1318
3606
8218
4032
5835
9737
4481
1452
6259
9954
4355
9400
9338
2499
7523
9110
2547
7664
7189
8293
1048
3207
354
5408
5256
7540
3612
8334
2665
1043
5510
6260
2793
124
4014
8239
1384
1815
9324
2115
3780
4119
7336
8809
30
6425
9329
7763
5412
5321
3258
98
4941
6388
8081
2405
7087
6939
5035
4489
5948
8751
3949
6217
2676
1145
3192
8602
3738
6592
8182
5227
3238
6894
3659
9060
2240
8331
9154
5665
5895
507
7898
7338
7814
6920
8002
7653
9167
4455
7614
3285
6984
4371
6991
621
116
4176
9855
8988
4175
8205
4669
207
8742
5489
7103
2067
7209
333
3628
4395
3475
5820
5380
6324
1697
8011
6697
3794
4110
6504
7726
232
3225
2929
685
5932
8361
8831
1620
4520
7778
7217
9728
860
7076
6335
9104
9360
5261
1487
6912
5042
7312
2016
2500
2610
6956
6698
2613
1436
8940
8164
3682
4307
8824
3227
519
7335
7730
8157
5841
228
1132
7115
2686
5365
3430
9278
9390
8754
6128
2994
500
7961
6113
4365
3786
4950
4998
682
5472
938
1868
2620
3330
8752
3255
2694
1853
4807
2530
8903
484
9368
2652
634
9478
5717
3636
6145
1774
9488
2385
9240
8257
2294
9436
41
2319
8990
8022
9119
2399
4221
8279
5272
5099
3892
9906
8687
502
1640
9634
5701
2301
4508
8909
679
6674
6843
8902
640
4096
1633
8179
69
524
5662
2470
251
2393
3314
2745
1727
7556
9592
835
3903
5631
4607
1341
8349
6270
8755
928
4456
7456
5900
5738
8498
4267
5273
9662
1148
2599
5123
9834
2951
8152
960
8284
1413
7874
8129
7849
9778
1858
7694
6377
7527
8943
7378
2199
896
545
4858
8428
4983
5697
8826
8237
671
9426
6263
504
9391
2377
7019
5502
9129
6269
7666
2182
4465
7893
6760
1383
6093
5860
317
9933
1141
175
322
6985
1863
2059
9685
2523
893
7367
9750
672
2040
2334
7520
556
7030
6295
1529
7490
8908
8278
421
1073
8807
3921
4656
3064
1842
3385
1810
4155
4211
6885
6897
9342
4798
6888
7757
7213
3708
4111
8763
7931
8753
9312
9191
9981
948
1716
5513
2730
5676
769
1391
6557
4852
8068
6533
9869
9518
184
5638
2834
650
1433
8948
4015
553
3496
7167
4730
3600
74
9868
932
2751
71
766
6411
9446
6147
4404
1450
3099
158
5089
2242
3178
7506
1259
5428
1523
5308
7318
3626
9421
5515
3644
6440
968
6181
9200
6394
3071
5842
4495
4347
1609
6839
450
562
3545
5278
9542
3199
428
1777
3465
6526
4933
1943
5469
9261
405
395
6497
7837
4676
8954
5212
1311
8132
6975
2835
5808
6723
6784
7446
6045
1387
2204
995
6866
1023
1106
5763
1723
7779
846
9995
6553
8998
1626
2576
1417
4690
7953
5036
7008
9151
5183
8442
6687
5309
5871
3896
5775
3829
4160
8073
5965
3662
5372
4659
7894
2001
4947
3294
4228
3002
8657
8443
3235
3080
8881
9988
7670
3737
2635
6570
2947
7632
355
449
4385
6601
3739
1924
2769
2557
8919
699
2534
5755
3758
9030
7710
9215
4930
8570
2492
2561
2888
7176
1579
7885
7878
6049
9767
8472
756
7104
3914
6445
6448
615
4344
6296
1862
665
1250
4312
7835
4554
4868
2181
8769
6746
215
6825
8765
2013
1879
6496
8055
921
3977
5207
6841
9691
4910
9644
4013
8624
3423
9272
4031
8612
776
603
7504
2320
5230
5939
5762
469
6320
7026
4715
8183
3188
4694
2939
7325
9314
349
9525
8155
9124
270
1039
7573
9589
8942
2579
4446
2453
8750
6671
2367
8418
6842
9016
3755
5644
3645
352
2477
8741
6987
913
4791
6285
374
5087
6463
9969
6471
4759
2590
2226
4985
8516
2143
6643
196
1508
3049
7669
3190
2819
4810
1801
7830
3888
7393
4112
4325
3307
489
2203
2682
458
213
6066
7682
9686
3585
7574
13
5844
5034
6884
7371
2606
6731
245
2095
8307
5404
1551
705
9714
3992
3411
5195
8027
8955
5443
177
1503
7081
6136
5246
2257
2733
3665
3776
2440
7043
3360
1173
2714
2478
5605
6766
9424
7859
7867
6311
3718
6028
426
6635
4652
2335
9936
4876
2142
2524
3222
2866
2872
2392
2595
7457
6153
866
6068
7144
9863
8159
272
6309
7667
5581
66
7067
8665
9515
2424
8660
2632
4512
1462
4819
3549
2281
9395
674
9250
7471
9147
6525
4306
3533
60
3234
9228
1330
5585
2966
4378
2967
8707
749
8936
2228
9032
4701
1705
5242
7469
7517
9658
3746
1653
8471
6917
3129
4627
1042
2266
2134
35
4316
7439
2674
5503
486
6210
6682
3676
2020
9694
6304
9175
9339
1983
2180
5168
6864
781
5636
1340
6007
2443
4105
7562
9902
655
5504
8695
7767
3981
9964
5852
6288
877
9292
5977
1953
8252
8037
4278
8505
4551
8121
2525
1960
2402
9996
5117
6484
6589
2683
1192
1725
7475
3053
4171
2187
3353
4453
6780
1878
8965
3741
9971
5565
4924
2755
8014
9845
7963
6267
7572
494
1759
8619
6725
2911
958
2337
2194
1488
6408
7255
6944
396
5953
3349
9017
3384
2752
8028
5481
6184
9008
5704
917
9251
3301
1818
5986
9177
810
9355
1168
1872
4079
8834
5959
9548
8878
6690
876
9495
4313
414
8366
6667
179
2855
4391
5593
8096
4867
4771
3274
5196
3887
2744
2816
9591
2229
5761
9500
6258
1722
3251
3669
6865
1098
6722
2357
8311
9374
9166
9050
3025
5425
1135
9873
2264
8693
385
7965
454
2216
9893
8762
5613
7247
6510
3604
2121
2624
7753
8245
3807
4464
1400
9351
5434
2873
7105
2923
8390
4848
9614
5239
4398
3909
551
2061
2200
6023
2948
2100
3804
5722
890
44
292
849
5386
6706
4511
5899
4664
9706
3561
1898
5999
4683
5950
8812
2295
3058
1914
6896
7733
7309
8319
367
9396
1908
4281
369
6268
3305
5229
6614
798
6580
243
909
7203
3010
2795
1915
6579
796
9924
269
2313
6767
1015
3286
5226
4753
7590
229
3994
101
2625
8556
9130
7992
9230
525
1449
5623
4435
8207
77
7040
5967
1126
3966
7840
1161
1290
4951
8915
8309
1699
8962
974
4432
3654
1710
3402
5572
7448
4707
3614
2423
239
5492
9134
4904
6903
3825
1027
3640
4804
8898
9072
9160
4675
4461
3023
459
8069
3799
4193
801
8705
9743
6976
9935
6098
1081
3455
1883
6090
9403
7001
8440
3044
3361
884
2430
936
6436
7926
1709
4146
5774
2645
2300
2198
856
481
3912
1935
9968
6206
6323
5883
8569
8397
1189
5590
8335
3471
1367
594
887
7842
6434
3521
6744
1790
7663
9299
2654
8062
485
1877
7912
5674
2848
6459
1837
4999
410
7072
295
7320
4317
2079
3382
2071
6859
2505
6321
107
518
1604
3492
6655
7652
7777
5537
2317
7460
2790
7621
118
2849
9480
5340
5719
264
5070
4359
3826
9485
4671
6699
3704
9211
7903
99
7979
4399
6450
3530
6390
7445
5282
9956
9303
3081
7542
1533
7914
4992
668
6798
3942
4595
1668
2021
9015
4740
9344
6347
1635
5628
5000
4883
1195
3809
4080
5033
7058
4964
474
1788
5894
1088
2114
8586
4121
2417
53
1991
7271
2580
4026
1178
3615
9929
9150
6194
4038
6503
567
9718
3152
5209
3087
2219
40
1993
334
7376
617
1880
4961
9937
2597
3485
814
6257
5311
2902
2992
4742
9819
4802
9293
8514
8904
6710
2247
3380
3316
9229
4407
878
7521
1569
6829
4165
8034
3393
8262
2886
6937
6844
5293
8509
6250
2086
3961
6658
3322
6936
204
5724
1332
254
4369
8737
3017
6319
3141
8150
4650
6160
9818
4441
4366
7732
4048
2935
6640
3348
2431
9000
7035
9142
9900
9185
4075
6850
8410
601
2950
5020
9889
3327
6183
8478
5343
4547
4944
8078
9532
9168
1667
2030
6813
4452
9807
7186
897
6862
5830
7678
2763
5277
9865
7553
4073
6348
762
1990
2161
1310
1762
4361
8531
9872
4376
8429
4185
888
4218
1235
6129
7483
4881
1643
5548
2874
6593
4630
4099
6399
9762
4955
6418
9128
6846
8818
9537
6887
2444
6264
3850
4479
8719
8515
2324
8702
7612
8562
4894
3252
6205
1418
9562
9605
9042
6880
4571
3118
3550
9976
375
3526
8673
7419
925
8545
4720
3489
3381
2283
2112
2002
1816
5027
3702
6091
3762
2167
1827
4680
5610
4332
3759
7432
3317
1460
303
9361
7661
1228
6724
2589
8655
8352
6930
6175
1833
8690
464
9454
5352
128
8451
5279
2588
6686
6528
707
1981
5868
2469
2192
7222
6935
1414
785
2023
404
6072
1814
9366
1059
9018
1134
3128
4561
5267
4685
7734
2629
2388
5100
1530
8564
5912
656
5750
4351
2046
180
6384
9833
4994
357
2817
880
1558
1973
9428
6638
9209
6327
8188
7788
4242
3870
533
8459
2954
5423
8692
5875
252
3101
6529
6014
6479
3688
8202
1385
8300
7277
7798
2843
9318
1994
3458
3451
3728
6856
9962
9861
726
9012
1729
7791
9547
6211
8388
6349
8482
2668
5694
1329
5804
7512
7902
2150
9399
1726
7797
3452
738
2965
8941
4831
4737
7829
6714
7226
580
467
6246
9187
6946
8618
9903
8416
9719
4849
3731
3686
5296
6167
6995
9878
6016
4027
1162
3295
8944
3926
3209
6300
9245
6486
4255
4203
4568
6283
8169
5385
5807
8186
1909
1612
4769
8768
4579
3594
4978
688
7998
8444
4447
4497
7511
1535
3678
1211
3217
3466
7060
8627
4755
3664
9917
1312
8265
8591
7148
7752
7240
3142
1899
7048
8382
623
2289
6657
5741
9625
2044
3210
103
5147
1447
3913
8154
4062
8339
7139
657
4980
9214
9276
4712
7421
575
94
5347
17
8021
4583
6751
1314
9698
7636
5254
4458
4604
7930
1684
7223
7579
619
1160
2978
7962
2897
1956
3555
7463
4756
8996
1239
5473
1932
3202
3919
9870
4275
3684
5686
8631
1682
7672
6079
345
4711
7024
2394
2860
5341
3902
482
9373
8326
3631
6200
9349
1977
2272
9552
3597
4948
9248
7453
9776
1838
7882
5201
8603
8855
4250
9526
8992
366
7128
6170
4577
9781
8149
4687
5996
3073
290
5199
39
3984
2022
7957
2108
2120
2126
7275
2881
1273
7857
4030
3397
8144
4586
4249
7049
2781
8679
1350
3699
8254
5234
2193
501
4899
2717
2409
3341
5114
7602
3245
8911
1321
7925
7231
6794
4516
8030
924
7518
7232
7079
7948
8178
7970
1266
6158
9643
1887
503
2330
6670
8676
2486
3400
7473
5391
5039
8434
8805
8200
1185
1634
1233
1175
8313
8270
7014
9023
4238
2333
4247
1404
5129
7408
6695
3226
4423
8287
4931
6000
2611
8658
9385
7031
9553
3368
961
4330
1670
8582
7522
4684
7166
5392
9388
8052
6126
9178
3147
7333
4323
9328
3223
7497
8897
7201
5713
573
6683
4764
5453
2275
1033
6741
112
7068
4222
9854
8681
2010
4967
4957
3596
3935
731
2241
1005
2780
6792
3117
7831
4090
9651
7923
2389
5520
2833
1252
8365
457
8555
3501
7549
3815
9573
4884
6020
2244
5225
4661
1848
9830
7098
2372
9227
6817
4260
4834
7538
8322
3748
4318
6100
7276
7061
6162
943
2543
9577
3473
1398
394
5919
5110
8502
8087
9099
9764
2056
8669
4109
2815
4381
4484
5619
6387
9974
6355
2208
9327
3916
190
9803
514
5379
4053
301
9477
1650
3785
212
188
4785
1864
7389
7784
2904
4274
6426
5238
8781
1292
8436
327
3828
1500
3413
5410
8846
4549
1026
1301
6791
1467
6688
3972
978
6218
2355
203
5505
6515
7651
3266
5150
6611
7783
3091
2127
717
593
755
606
6507
5158
572
8312
6632
2037
8608
2316
4370
3714
4339
7108
199
9600
6245
9531
5022
2704
6294
1970
2541
8441
2497
6115
3632
191
5475
6681
444
3541
5409
1334
8261
2890
198
4599
4309
3371
5262
899
1829
6588
8677
7768
3269
3469
5886
1471
7955
7827
3346
645
2058
9127
550
388
4751
3727
9262
4623
7877
5149
3810
1795
2996
9539
3140
2318
5651
853
6393
8419
3791
2148
8476
3514
6106
5169
51
9401
637
592
3957
5937
5082
9152
7913
2060
1560
6708
3923
8375
3045
4198
5673
1499
4157
714
1659
2796
9183
8162
6374
102
4847
1188
111
7221
6636
174
6097
8234
616
160
6500
758
6457
4126
496
8800
9005
8925
6064
6203
4624
7969
9742
6220
1287
8956
7906
3481
5597
4780
6308
9356
5205
5461
6833
3834
2809
2591
8409
7582
6472
3366
1299
3232
346
4169
3542
3443
1758
2433
3602
2909
6047
1589
9393
9940
104
4002
2594
3536
4526
3061
2761
8255
736
242
1268
8216
6898
5019
3955
1585
9572
2891
6800
5056
3860
669
8613
2129
564
6179
3595
9805
2564
5063
784
8635
4766
8981
7437
5725
5938
1742
7920
7816
9782
5008
4517
5094
4406
7245
5549
2474
6870
4970
2006
4173
5266
9049
5068
1187
3260
5997
9145
7438
3189
9557
4815
9637
9951
7976
4916
2600
5214
197
7123
8474
5969
2896
6151
4268
2303
1730
1004
3610
9140
5067
7173
3394
2799
7728
9452
7890
4796
3304
898
3198
721
9623
773
6420
9450
3952
2251
979
1615
1047
8718
6801
8201
5998
6988
885
8840
5809
8325
47
6084
9460
2460
4379
3271
440
9457
122
9155
9789
2959
3761
5897
6231
3842
1291
1517
9316
1150
907
1715
5955
1474
4286
3769
6176
6261
258
8663
6395
9817
382
4477
4525
135
8730
1572
1181
676
1812
3778
4966
4244
7870
1120
1632
4122
9538
5626
8340
5431
1222
5186
8025
4900
2196
5354
1432
6717
7218
2426
6584
3721
7958
4965
1831
7295
868
4613
6172
4723
5359
3568
1965
9522
2865
9912
443
3773
4673
4360
7084
2135
2442
3819
2159
1713
5784
595
9755
6605
5832
9806
8238
2170
7865
8163
82
9837
8426
6498
6934
1720
342
7006
3717
7845
4946
8749
5655
1191
5870
8678
5050
7991
7951
100
7161
1819
4067
1163
9788
3254
2884
7691
3313
4074
4422
4124
2403
9568
906
130
3216
5840
4499
3622
8450
8090
8233
8111
1680
6012
3289
2698
1821
9189
3591
4605
7326
5181
9519
4670
4483
4065
7397
310
4501
8045
8421
8736
9319
3306
8506
314
6948
788
3114
4269
5678
8870
4928
1690
5843
1905
8299
3326
9633
5576
7415
753
1581
4118
9458
9363
9362
5105
4863
9302
1118
2032
4163
9705
4622
9725
9489
282
3733
7514
4621
5991
8863
513
8801
2687
3399
7687
2533
4467
9170
5247
5142
4576
5567
7934
9608
6343
3623
6433
543
1251
1324
234
9004
1101
5072
8099
3877
5796
8391
7576
8611
4799
8659
1186
1363
5250
4388
8250
3538
1636
9693
5557
8174
3854
3148
8170
2448
6736
6134
874
7046
630
4462
1498
1371
1153
412
490
2917
4226
2225
870
5904
9733
9523
3650
5864
3539
4340
7356
8457
6150
2185
2776
7303
9002
1193
5224
7776
985
1067
8296
4522
5370
2688
5974
1082
2255
6082
941
6955
3046
8266
9844
6666
9047
7402
7952
8475
4004
8799
2125
7416
6672
1001
4262
4151
6878
7548
8435
6909
4619
4513
510
6144
5374
2703
6370
8978
6900
9656
293
624
8794
1549
3215
3096
2107
8417
6019
7675
6685
7089
358
5531
6778
9594
1473
6789
2109
325
6742
2577
1700
8508
5075
4560
5558
9692
2374
7720
6329
315
7158
8662
3389
7833
7237
2554
2778
3906
7214
2608
463
3863
3633
7680
5941
5577
6873
6621
7805
3598
3735
1714
786
7358
7212
9554
5137
1427
83
2017
1648
4266
4637
5335
48
6747
7100
7996
8852
6212
9618
565
1520
4658
1337
8989
9255
4492
4704
7741
6171
6050
3414
1655
9463
6301
8247
4060
3924
3106
1528
939
2243
7771
1683
7289
3763
6924
2573
1738
4889
7249
4350
2900
339
9308
6980
9057
7462
2171
9877
6458
2548
4150
2038
6236
4616
4272
7940
3705
8654
9896
1369
9675
6161
3150
5540
9696
7622
3620
2298
4594
6095
7315
693
5494
2800
4450
8064
684
5799
8950
9588
6815
7541
5559
1253
6180
828
9097
3122
492
3980
4527
2119
6583
4424
9961
3775
4342
3867
2099
1681
9536
9670
8711
5164
6111
5901
7547
1832
2861
7062
6520
9836
1019
2164
2825
6600
2158
3130
2246
915
9086
8721
873
6916
4018
7477
5806
6063
5612
1435
4597
6915
4620
6163
6244
1123
7599
5838
3683
9941
4259
1756
7385
6996
3781
3954
4880
5682
7093
9287
5133
8976
6419
3886
5109
6057
3859
1948
6235
7266
8843
28
9883
6704
7234
3866
3001
6758
7722
9564
5113
949
8533
7135
192
8248
3528
1164
9642
4697
9427
7593
2941
7151
1372
3824
1068
419
3694
2706
1143
4414
1246
8039
3230
9544
6883
5570
9238
6358
2024
6089
2087
1744
2489
9851
2458
2253
3440
1224
4641
6345
3756
8854
9875
4540
7568
5916
966
6851
9497
5394
2851
5052
1003
5723
6449
9910
8258
3873
1642
1582
6003
1662
7101
6886
719
2664
361
1065
5595
1358
6473
6489
1454
281
6248
1038
227
967
3974
3345
7466
5857
6224
5464
4760
7341
9118
5787
5579
6435
5747
1599
3059
5685
1322
613
9093
6651
6442
5073
1753
8141
5004
7888
3498
5878
8125
5078
6660
1625
4914
4246
88
3868
5879
4989
6290
2930
8519
8691
8617
3070
3743
6696
1946
4144
2539
2801
9389
7494
9984
6822
1555
7546
9122
8938
3121
1671
4572
2349
5779
1194
6086
5824
4148
9141
2986
8184
6389
7516
8324
4523
2212
6251
2946
6117
6499
7897
1875
5652
1461
1070
7185
8802
2041
6493
1112
392
5516
8928
5465
4082
7411
6315
4543
701
8581
1770
3068
5911
1105
9296
8597
4237
205
5970
8605
2743
777
6353
1763
7162
8609
5351
5043
6417
4025
1376
8381
9885
5197
7004
7911
9772
5131
5263
371
3871
3205
1024
4820
4245
7818
2846
126
9367
6375
8872
1074
6810
4427
468
2656
5746
1502
5103
4813
3445
2666
4741
1631
3249
169
4152
2066
4920
7618
7583
1237
3298
7272
7053
3329
4164
9983
8042
6925
5773
7847
5874
6823
2898
4635
9891
3747
4186
9456
2574
4566
8406
2807
5663
7372
1349
2976
6812
7639
4612
535
7157
8882
1941
5360
9615
4326
4040
5323
709
3692
3836
6508
1574
4474
9223
1484
2157
955
9431
5160
2725
3920
1536
435
6957
8173
9198
4227
4039
7629
5171
6024
6646
5413
3344
6783
3112
8148
3319
3943
2989
6386
5698
6832
3734
7749
947
3813
5026
1494
480
1481
438
3801
8430
3802
7332
7002
6555
1888
4491
9796
9321
2975
3168
6997
2567
2379
161
7440
3495
9561
7253
2396
2117
8304
4170
263
1232
5253
466
6899
2238
3243
3041
1881
2267
1392
3520
9136
1890
6273
4524
7095
2571
1865
4472
862
5643
9028
9992
8790
9461
9543
727
7716
6543
3478
8959
1621
8871
6306
8575
4166
5536
4043
1028
1850
9491
54
7688
2852
2586
318
9627
2708
2762
8614
6869
6156
8709
2794
7917
4373
5517
5681
3144
739
6562
5791
7365
546
3157
8563
4029
5049
3021
9822
7609
9671
4589
7954
3754
8297
8565
8922
6110
8957
8905
9761
2738
1936
4923
4028
4895
2155
3581
5401
2864
1347
3097
6178
4329
663
7610
9115
4426
2735
8785
8633
5017
9982
8578
7944
2133
9794
6950
1375
2124
3710
2960
1226
2827
4731
6983
3589
2305
857
4754
5172
2949
3282
8396
3464
8798
5487
614
7637
4116
1896
3115
4722
4617
8588
9769
9087
5812
3074
5447
2927
6938
7357
6182
9078
9687
2679
3944
5734
9835
6168
4444
9722
6837
5627
6872
1980
3086
4667
7679
5521
2265
7695
8504
6010
9375
9320
1366
2083
3725
7789
8715
9905
2387
85
4770
4853
5383
8648
3690
6703
8716
9285
6776
4734
7657
6720
5656
7107
3803
5219
9843
9812
2552
8539
5952
6121
5397
2467
5128
2604
1095
8350
1657
7785
9955
6830
2885
8914
5915
8887
2789
5625
8725
8241
9433
6567
2942
8359
5951
6630
9415
5366
7486
5500
144
7481
2321
1316
1408
4509
1992
5452
121
7895
4877
7703
7138
1639
181
6680
7608
3827
8510
6376
8347
2963
2508
9035
5040
2309
8819
5561
2221
6454
4691
7949
8071
1830
3229
7648
9304
9799
4822
4256
5889
3629
6328
3050
21
1495
3790
9430
5148
439
7280
7677
2236
8213
6962
3143
6556
1988
2308
4606
8117
2414
4714
7021
8353
7065
7977
3865
8066
3006
5936
5102
1514
2587
1773
9647
4816
1656
7525
792
6197
1743
1325
8356
4872
9831
8833
7901
6131
6412
5780
4125
7355
9724
5976
882
1874
9341
1780
5289
5624
5364
4149
6929
962
5280
4113
1769
1524
3462
1704
1926
2998
176
1476
2642
1534
37
8140
2999
3018
6750
8920
45
3872
5065
5180
7567
7843
7626
3054
8393
1596
2347
1823
2803
1918
7286
6339
7182
5668
1275
512
2895
8507
5963
8596
8739
8782
8249
2190
5756
8320
9780
3482
8700
8401
4023
4439
5745
8373
8456
7290
399
7537
278
1129
5642
1840
224
1959
4921
2944
5603
7403
5176
3066
2605
741
661
1397
3146
6881
1258
9665
9599
2130
1079
511
1064
3835
9108
6769
4825
5609
9079
3578
4358
5349
8628
5973
8984
5582
6228
5846
377
5614
3956
7000
8487
4787
1513
6043
2901
9315
5823
1660
800
331
5031
4412
7654
4795
5881
5578
1622
9790
5125
350
1326
4264
9398
9203
9365
9376
7033
8004
526
4535
2607
8599
8789
864
4292
343
5550
9422
3125
5436
2979
2638
1794
1212
5275
1749
4459
9977
1911
200
50
4190
4934
9527
8856
3830
5848
1116
427
8934
4012
3558
6505
381
7575
8215
8000
3941
5140
8520
4608
3851
1155
561
9673
365
2550
6816
4046
9239
338
8979
9309
2933
7091
2438
7924
6910
6922
9758
4569
8688
2476
8841
3798
8828
9850
4219
6848
3677
6990
9816
732
5118
3398
5890
3740
5633
2359
1229
2583
1399
8276
4746
4981
5010
6310
7530
1928
3934
9514
424
5493
9731
8594
2162
6140
7344
2211
7281
4041
4502
4201
5439
1179
7589
2636
9273
7251
8432
59
5120
4064
9890
8589
8203
9952
1305
7287
7111
8601
3312
7159
3250
10000
7760
9792
6103
2943
146
599
797
4682
5252
8318
2008
7012
1276
3145
1072
5414
5888
4708
2932
1767
8423
9036
2680
156
3426
7496
8048
2363
7199
5387
10
5141
9529
1808
4757
2993
5088
320
1740
1240
9987
2406
555
9435
2172
8838
8650
1732
5490
6173
3051
977
7347
3625
2520
6413
6933
4393
2847
6460
452
2351
462
9066
8306
9337
5244
9800
370
4007
1673
7134
9112
8616
8452
3214
720
5399
6229
9619
4104
5290
3660
8282
7659
8866
4000
5654
4293
8103
9226
1803
6108
3878
6853
9106
4826
8590
8493
3033
2434
3024
139
5312
2284
3240
5152
97
4498
9270
5062
9440
9797
9684
2279
5754
2070
6835
9447
8122
3037
3362
8522
2721
9752
2102
487
1411
2832
6078
5406
1315
5954
7745
1537
8469
6639
5398
7611
2924
3693
1768
4629
3163
1940
4588
6241
1847
1811
9201
4860
7283
4940
389
6969
2724
2740
1541
584
7737
5632
91
7493
7510
6959
585
8760
261
7708
9065
5177
29
5800
5828
1327
1217
8880
1050
1645
9260
423
9504
9111
8092
5523
4473
1510
7960
3661
780
702
6123
6488
7339
9689
3213
1196
6735
2715
3611
471
9535
1515
7972
6940
984
1203
9606
8524
3572
4995
3507
9434
3986
4072
1623
142
4354
4430
1934
4969
9802
6518
4518
182
3003
6977
2650
8803
9840
8105
4132
3239
9405
127
6148
516
3042
4801
1125
1236
4633
2988
5059
9306
8047
3410
359
2169
2782
6005
9847
8982
3518
542
4668
8806
7047
1030
5921
9102
5301
5798
8023
9386
2420
7274
7064
2868
8386
6233
9715
6965
2805
6383
6679
9622
7725
6509
5358
9814
1071
9998
3605
3716
6595
2210
9352
9444
7699
3929
8770
3779
8548
8425
1567
9109
8167
65
7022
2569
7005
1441
1766
667
5794
4095
2419
5064
1231
268
7029
4138
1927
8561
2096
6926
1206
7097
9950
6941
5615
9521
3998
9948
4541
6689
3390
3155
418
5478
5498
9990
6771
3639
9275
1138
1378
515
3256
9387
4386
4022
8604
3783
5583
6381
697
1900
1573
2340
436
7279
6558
5416
7919
3573
8370
1724
6302
1210
1595
779
1083
6325
8427
7595
2765
9126
1147
2163
4179
4019
8666
5547
8573
4421
7558
6132
9455
718
6070
4417
4428
9735
9632
3609
6764
7417
7761
3927
3788
1542
52
7717
4846
2233
2254
5884
1893
1277
5030
34
6369
1717
639
5759
8830
879
8837
2968
5085
2029
5159
5552
5319
8314
2173
5220
4839
3522
393
1269
5839
9927
3279
2928
8495
8845
4208
1174
9669
4438
7769
9350
789
4487
8728
5014
8362
8009
2633
4289
6641
6539
620
7171
3067
2131
2990
2057
2811
5962
6102
364
7016
9775
8623
9116
578
4261
8080
2088
730
4945
822
3532
9808
2540
7700
6027
6774
7668
1526
8481
912
1692
2189
1851
8280
2980
1944
1576
6617
2716
7713
8639
4865
2685
93
162
6485
3359
3800
3175
9729
9419
5821
4585
5902
8975
2386
2483
9033
2276
1300
3744
3427
900
7180
5940
2455
3580
2075
9931
1036
6665
171
5961
2661
8336
6787
1338
5384
8479
7665
1913
5858
6237
4057
402
4699
8411
7321
305
9220
6073
2262
3290
3968
5245
5402
3543
710
6604
563
7452
2991
2452
8859
4183
3272
226
5170
9611
4463
7461
6700
1459
609
5819
8767
1130
7796
3928
581
7601
2084
8960
3962
1861
4263
9034
7802
4575
5108
7821
2910
7458
429
7380
8861
9626
752
8329
1937
3833
5376
6673
6222
7236
7631
4336
587
7577
4045
1800
4901
3619
2454
3529
6316
3396
9609
4003
230
328
3367
5200
9551
8587
7585
8113
8829
2699
8412
6149
3029
8447
6759
1792
8139
1783
4636
7195
1309
4199
151
1906
7838
2614
7404
8072
451
7225
4626
1342
4443
5640
1354
4210
3576
9045
4448
4984
4505
7707
1343
397
6752
4898
5111
1335
6612
8033
9848
8993
8530
3523
9094
7554
5594
3547
6705
8394
105
5496
7263
861
7375
4159
2413
7995
7683
1035
6254
8158
9335
3647
7075
5211
845
8089
4926
1721
2921
8191
2466
5730
539
3512
7307
2141
1409
1786
9348
4106
6542
9866
5985
6554
8947
8879
9997
9088
3670
4234
4410
6490
3964
5887
5223
8906
4706
8757
8689
9567
6788
9699
2128
9279
5448
7254
1552
2712
7264
9371
6534
3668
5233
9979
6773
1813
2348
5869
9162
1465
2278
889
8286
9867
3749
3583
1373
3671
7591
2111
3069
2186
819
5356
1593
9571
916
9161
6654
3608
221
1158
7050
1912
8369
9073
1374
7945
8647
9025
4468
7472
908
5980
311
6297
7918
1512
6806
7322
2675
4194
9859
6074
6517
7381
5971
3715
659
3257
2876
4878
8808
2915
6994
6797
2926
211
5906
152
5568
9499
49
4907
4206
653
3970
622
3009
7082
6118
4581
7428
9081
996
8134
6146
4253
9783
6560
583
3448
1761
2918
6034
4797
1707
4792
5332
3832
3674
8733
9809
7625
8773
222
1772
3745
5596
147
7792
1719
4130
4442
5483
9786
8667
6566
2297
7246
3534
5317
8116
6487
5768
6626
1190
1522
4273
2475
9932
2325
1107
6857
9364
8491
7813
6663
568
7429
9957
859
2049
6889
7854
7855
9980
983
5474
4310
7850
9291
1687
5294
153
277
4059
6234
5562
5189
5660
4384
3276
8360
265
9465
8387
96
8732
1352
9174
7194
4993
9216
8422
8263
4470
5134
9173
7296
168
4749
7465
5742
7360
638
8151
7642
7436
1171
3795
5204
9404
6949
7282
6596
4738
4049
3695
1244
406
7353
1247
5021
4803
2116
4035
4705
9652
618
4861
1836
2529
1669
8345
850
2544
2634
6341
291
1394
8288
5419
8424
586
3525
420
7647
7467
9785
1149
9377
991
8758
5979
7259
8774
9678
3095
8738
1453
8236
3401
300
3701
5509
3299
2710
2052
5012
2527
2258
7219
5288
7042
9053
8093
8913
2147
7983
1108
7861
4823
7966
7468
3726
6972
8108
2160
6266
3616
5069
914
4866
4789
8756
6849
5707
5743
2232
8600
6169
5315
678
5264
4793
7301
2051
629
1739
2914
3179
3822
4537
2479
8044
9159
1249
3105
7978
1448
3083
3268
3930
6330
6491
1331
9635
3203
7908
508
3899
7671
2908
7319
5817
9886
7227
8851
7174
8576
9184
9946
1706
8328
7178
989
644
5371
3742
6410
8696
3027
4531
4061
2018
5825
787
5933
7801
9286
90
9195
5090
5657
4320
8997
5778
3845
378
6871
4528
9244
8892
2036
1846
5648
5703
9267
3844
2390
6366
2031
3127
4140
9472
6550
7200
4348
6213
8017
9913
1176
9289
7853
9464
9579
7056
1007
3378
5194
5255
7899
8862
9707
1834
9520
795
3356
1289
7474
6545
7094
9509
527
283
9131
1133
4252
3134
9483
5074
5440
8446
6135
1002
8775
163
0
5459
6455
6011
4284
5592
7090
690
2759
2231
8985
9379
7628
72
5751
6964
1564
1410
696
1891
6284
9061
8275
1022
5691
8006
6727
249
6279
6188
722
5571
4212
3166
1248
2526
2707
2259
4353
7715
4908
6757
506
5501
9353
6904
238
5144
6563
6620
7041
2787
4552
4821
4271
2103
1779
5023
8966
9574
3838
6242
4396
2879
9358
5827
7235
5357
9169
4488
1598
4776
2732
9852
6634
9468
4773
9067
8637
7723
8075
9336
4235
3308
5096
3328
4556
3309
6762
1754
4879
7482
3712
2828
2750
3898
625
608
3395
8630
9700
6541
6277
2955
5330
235
4672
7476
4859
4400
5146
8371
2859
4345
9007
8933
9921
8977
75
7297
694
4870
7824
1333
6512
4805
6631
1871
3355
9563
9222
4778
2581
4420
2490
6137
1405
2153
6535
1031
1835
6025
4380
8889
8439
7478
5442
3823
8290
289
2154
2631
3008
6692
1693
2395
986
5328
5135
3509
7563
3088
3103
4314
7721
3506
6017
8916
7655
22
1294
4280
2207
6452
4440
3291
8468
2578
1021
1261
9701
4602
9559
9043
724
5265
3574
9939
7755
6754
2080
1455
8583
2174
5313
952
2285
4127
8572
2026
2073
8485
935
1901
2584
9010
2465
6531
4108
6373
9022
3181
7505
9876
9271
8579
8466
6396
5013
8544
4270
2961
4178
7645
73
8114
4180
2296
4134
7430
3098
5680
881
4768
2892
1380
7125
9470
4657
6274
7756
4390
9745
2628
1344
7929
3102
3724
3491
8195
8553
4500
9926
95
3273
8748
7459
3409
4303
7017
7394
2302
6785
2429
1140
6042
8625
708
2907
308
7384
8900
6828
8225
2720
5690
8156
9493
5731
538
7418
8305
9841
9064
7536
7208
1781
3963
6344
7702
1017
3244
4954
6728
4094
6354
8626
695
4564
256
2681
4139
3180
7933
9176
2223
8067
8046
4987
110
1506
3391
6738
6446
6475
5541
4893
9546
869
7388
7997
3782
552
2627
2726
2558
8053
8012
9888
744
8454
6271
3950
1092
9212
3418
6337
2651
5702
9829
8196
7759
430
4240
455
9838
5753
6209
6230
821
5260
1470
7413
9258
3840
1225
6931
4504
4311
2768
4841
6476
7420
4610
3793
7243
5506
8226
2903
2747
534
951
8317
4451
5898
5508
1933
7964
2076
491
3479
681
2756
6602
5675
2973
2048
2213
8780
7334
1731
9071
6619
6814
3627
8224
8731
4943
8083
7027
4214
7257
8776
1221
1265
6532
8015
9231
8595
4515
27
7051
2502
2012
4971
2517
1491
9511
973
7028
4864
9555
2471
5326
1439
9657
7044
3111
3971
9712
3973
1805
1424
1601
2101
2418
266
4055
2077
2671
9507
6403
9139
6694
8110
7304
1985
9583
7883
9580
7624
8496
3575
1063
5650
3014
7449
3261
2353
1085
9585
3559
4086
6044
1103
7484
3652
262
7509
25
5298
4416
1701
6227
8672
2097
1884
9545
2191
4530
309
9462
8229
5154
8793
8291
8946
1764
7634
5139
1479
794
1355
7596
3392
4047
4603
8135
8710
68
7673
5389
1111
1999
3137
3757
3818
2693
493
6818
7781
7164
1208
7905
9922
9566
6821
9734
8874
6540
348
5666
8333
7323
547
3579
1370
5617
2311
9149
4695
4433
5480
3517
3340
1958
2472
8315
760
4896
6571
6276
2104
4591
6893
3436
5956
5530
4288
8209
5193
5679
2964
4702
1382
9246
7324
5891
9904
1708
9487
9753
1490
5671
1735
6790
1751
6707
2934
570
8848
2813
9186
8115
5367
3253
159
3442
1234
1627
5268
804
7269
3352
6431
2556
1947
4925
8850
143
5538
1972
6142
8534
5511
8931
347
4141
6755
4952
6607
2585
7910
8061
8138
1230
6618
7424
8661
2875
2404
3990
3700
5789
1069
6661
1841
4276
8106
3062
220
6858
8557
3820
7851
5377
7744
384
6293
9210
6530
3131
832
8445
6474
7383
2871
4686
9290
3364
3864
1200
5191
5720
8364
7676
3057
990
7096
837
9044
1282
5032
3855
4172
9791
4929
2510
4744
6198
3891
4800
8088
2690
9074
998
2869
1180
9708
3363
4394
9751
9741
3713
3805
4550
6606
1825
3603
6061
4814
6202
712
6127
7594
7774
9892
2512
8963
1458
8787
3894
7396
4217
6225
6979
9801
746
6400
10001
700
7974
5925
6187
7073
5781
2514
9332
6046
6879
6356
9301
2850
9325
5893
5153
8607
4857
6009
7809
9466
3989
7581
9759
509
7348
9909
9076
8438
8651
6056
1688
4873
479
202
7868
4478
8778
5316
5098
7746
5495
4808
6805
8171
6109
5005
8972
1040
7233
3766
7578
6633
280
2643
4282
9467
687
7775
6469
1917
654
3151
1578
5543
5710
1238
7876
9357
3358
1603
7137
1156
4698
5218
8951
5696
7412
774
7069
8708
9639
5188
4392
7181
372
3186
926
4480
3508
4051
1429
2239
9774
7904
1765
5297
9584
5777
9612
7088
6427
7340
4205
9849
8810
3171
3821
5705
8467
9429
8712
1444
7071
808
1242
9040
4663
8945
3048
8680
5006
2346
9512
799
6826
4063
7228
5706
6286
3012
4044
1213
8890
4229
7156
2612
2450
6809
7686
1061
8077
8214
4644
1736
4817
473
7447
7215
3110
988
8376
3159
5949
4788
6796
4794
2974
6456
5545
8895
1426
7714
2421
6101
628
8043
3691
8344
7
9884
7399
2286
8875
2709
1611
6799
1445
2678
6578
2089
8190
2457
9459
2369
259
5241
7701
1950
7513
2123
7147
8160
5563
6424
3172
4892
7354
4346
8512
3563
2840
2306
2323
9107
3079
7398
1787
3089
4570
2880
4832
7640
8210
4372
8130
7406
8546
2380
9432
4457
3185
7711
2598
6326
2391
8967
1782
2931
4936
937
2054
8094
6332
5286
1204
8968
8592
815
6538
3983
7392
4469
5739
9241
6702
7077
3519
173
4006
8221
2106
9114
6622
3292
6911
1559
8283
3951
6831
3493
9978
3456
3753
5028
5519
1997
9739
3288
5422
6548
9046
8791
6756
5943
7238
1406
5591
9205
7660
6125
6863
214
2953
386
6845
368
6307
5556
316
6133
86
5162
7124
4321
3564
6597
9894
1167
5310
2838
8146
2368
6970
5913
5990
210
9058
633
5092
8260
7879
2480
2118
5692
6819
9445
2011
2411
1464
5847
4596
703
2593
360
8525
6272
2701
9517
6350
5931
6081
3958
244
9494
3126
5989
9295
2894
6524
3911
113
1044
2092
7650
3816
7959
6942
5285
3553
7597
7615
376
918
1931
3975
3638
1323
4601
7499
9233
4419
7592
1886
7620
2971
1870
7170
1197
3320
2003
9439
3197
1395
7433
9756
5041
9206
6423
476
4913
7443
6901
6422
6287
7037
3405
4558
7285
4733
5046
9602
3658
4034
5451
8455
8244
9257
7750
6749
4890
8497
600
2146
433
9871
8086
5928
582
838
1298
1843
1097
9014
1666
3880
6919
9895
2659
7935
2945
1554
9975
7330
2445
4319
9970
2719
591
4592
2783
7551
8973
8686
3772
1873
2516
1296
706
8119
2410
6564
1562
20
6204
2925
9648
7907
5281
3584
4709
5173
1979
2215
1807
7400
5270
3709
6834
9540
6359
1422
8489
5607
8031
6943
5929
8057
4454
8198
9727
1198
8483
133
8683
6668
9620
4546
5551
2498
3477
5783
5476
8323
6346
3569
117
5304
6712
7127
922
9307
5945
2149
2906
6480
9313
3685
8100
5708
8649
8316
9280
4565
1284
7638
8652
1457
523
6292
6716
5016
409
1741
6952
2299
5405
4196
982
9498
6289
5119
2722
36
8832
9029
9323
3354
3132
6199
9153
6080
6726
2853
4232
3031
9448
7114
4343
1075
2922
335
3698
3259
5564
2271
963
4906
9331
217
1099
8484
4666
5831
7368
1489
5373
4937
8102
6464
5689
1412
3890
5667
1607
8912
8112
9243
5589
6653
8574
1056
5299
2496
642
9907
1356
7444
3280
8272
9864
9411
1359
4100
189
4418
7099
3387
6891
7860
4389
8724
9105
1345
7455
6352
5767
9942
5542
2195
8526
6719
2883
8953
5
7569
1000
9425
136
2178
5920
6040
1475
9747
1686
7343
2081
3486
7881
7806
5463
5670
5217
3085
2775
7993
3338
5525
1114
5106
6645
132
7241
6574
3711
7565
627
9596
6591
3531
1157
4854
675
4553
520
2655
1440
3321
610
9330
3416
6763
3953
2082
4724
4161
8166
3993
9310
9249
5859
9194
854
7145
1652
4856
7921
7293
1060
942
4324
9451
891
7519
7373
8701
6733
3311
9846
5818
3287
4363
417
9148
1565
711
9645
62
7117
946
1154
1062
3193
6371
6253
5544
4209
5687
7045
3370
6033
9075
2760
3248
4042
8610
4812
8717
9370
8379
8342
1443
2882
6918
1957
6120
8488
7351
4349
3940
4559
6902
7423
1939
9256
3483
1278
6243
1978
3004
8358
5618
164
4679
8971
6119
5518
3750
8001
9604
9688
5025
2345
5569
1902
9586
8267
919
67
6914
5735
8784
4777
8003
6404
7501
8246
6701
9234
6820
1094
2224
1110
8060
8449
9874
8726
646
8084
8980
6432
4066
1034
472
5136
7782
9828
4016
8212
6391
4327
2227
8734
7229
1760
5228
8704
4300
783
5699
6155
4076
58
537
8868
9420
4718
8797
446
4408
5161
8518
8338
2938
5145
7571
9281
19
3959
1606
4068
9213
5918
9288
5276
2491
4429
1066
5470
7740
4507
3910
5608
4824
9709
3275
208
5060
8729
5855
3527
442
9340
1646
8884
3831
6223
8269
8095
3901
1313
9578
7526
5479
5235
6573
6262
3932
5334
7442
7106
5202
3771
3557
9646
5553
9384
2601
605
8796
2206
6662
1619
5616
8420
5862
1346
1257
9945
3948
1207
2691
3343
7346
3839
8777
5757
9777
9744
6053
2985
1297
9475
63
689
1339
6492
1776
296
1580
2482
1588
5522
4745
2425
186
5770
2043
1466
7492
1711
8187
5485
6954
7641
505
9359
7915
460
5455
7057
1856
2230
7603
2518
6644
1982
1142
9953
3653
8668
5810
8321
8983
4415
3264
2427
9235
5588
4471
5450
2179
6029
5456
2382
185
3055
5002
273
11
9085
5222
2375
3789
9052
7916
6342
3412
7811
9294
3588
9603
3039
6451
3617
2220
3324
9528
3643
7586
9717
844
1647
8822
4123
6357
8567
8788
2647
7559
7485
9928
5126
1907
2074
3020
2290
5269
4542
9882
9100
4413
3513
6154
1100
7529
7684
2069
3404
8644
5179
9601
802
8059
1964
307
4582
805
2282
1093
1442
2304
6465
6609
9091
3408
1984
4402
1809
9726
321
1938
8550
12
969
6598
2209
7308
7305
5054
42
9277
8076
3586
1010
9406
4700
9920
9823
981
8910
1270
4098
4308
288
6249
26
566
5833
4747
7980
9765
9973
7981
2711
2728
8735
3164
9533
1989
8192
5203
9117
3160
5512
823
9825
4903
4519
2559
5232
5892
6761
390
4689
9496
4960
9749
1869
8558
109
1104
7939
3138
1575
8243
5355
3882
5957
4425
8698
1241
2836
5669
7129
1096
6748
5752
6664
8494
2034
6923
6986
9026
4405
8007
1121
7036
7119
3546
8206
5659
5529
4299
8384
754
5923
6238
8292
3680
1839
7292
3444
6513
6684
4506
9916
9054
453
5322
4979
8543
9558
4775
6208
497
2602
8821
3641
4117
1013
8395
7220
8849
1986
1177
2005
6415
1718
9143
5444
9219
4696
114
3812
904
1122
9576
2064
9305
9506
5477
2773
4145
3858
8632
9898
2560
4084
9795
3997
636
6868
2383
4654
149
4638
6166
1866
8713
7697
4640
3174
1456
8952
3663
9610
3476
607
7869
5353
2565
1012
3925
2667
651
3211
6947
274
5112
5432
6470
3435
8743
3200
4184
8181
5488
863
3428
8917
3511
8523
4445
6291
8402
2677
6193
3470
1678
3905
9414
4436
9723
6428
1854
6094
9125
658
713
7742
2729
1202
8118
4033
1654
1995
3450
7435
1430
16
7250
7052
1389
9966
3883
6656
4977
4357
4927
3637
9704
3760
5350
7810
298
9113
2812
4959
4101
6372
3123
782
993
7248
5711
3310
9550
4364
8383
4726
6001
275
4713
6840
3504
2175
715
247
2397
7555
456
767
521
9773
8566
5437
3158
1184
3505
3369
1712
9090
2015
9492
8228
1689
2137
9748
2332
7705
6338
4216
5361
57
8598
7190
6779
1651
2515
1295
8477
4137
7922
9713
8714
4996
7690
4191
4837
9740
7994
2513
7841
1245
8392
2702
257
2152
8896
4609
3184
5853
1644
4532
1771
8367
716
7370
3774
9581
1563
5574
8779
9587
7391
597
2504
9679
3336
1219
8377
3000
5369
3334
3337
686
8995
279
9505
834
1306
2287
8168
1963
8858
8415
8500
413
7350
3592
9158
8646
4593
4213
6613
3587
9702
6992
5076
4962
1828
3
2506
5851
6913
8405
5362
4958
5815
4036
9408
2549
437
5533
6405
1961
7528
5903
9947
1216
8772
7230
5930
6603
3856
4295
7891
2916
6318
5927
3917
8974
5187
80
3139
2767
7193
8568
2234
6478
4285
7410
4886
950
6729
5306
851
9595
6477
150
4748
2616
2019
7206
7735
579
2113
9680
6362
4611
9508
8999
5992
643
7136
8097
5769
9190
2509
8901
3056
4790
7724
7363
3515
7539
5995
1051
2689
2528
6221
6414
7260
3135
6616
6892
8448
8079
499
9392
768
2352
6582
830
2435
9683
5554
4850
1109
6406
6468
3454
3570
5786
4129
3030
3094
2771
3599
2736
9640
9636
602
3869
8706
1591
2501
5396
6861
3931
1857
6577
6599
9442
737
4875
2035
1676
1256
9484
2822
4331
2484
3590
2459
4070
2408
9326
7828
9021
1025
3293
9654
8180
4963
8199
3666
4304
4050
9013
5127
4202
3446
3296
8337
3996
9471
2823
223
6561
2273
1586
1420
920
1695
7349
7113
1544
2741
8013
4678
434
5758
2913
9441
6334
559
1381
892
3922
809
2000
2237
1538
1784
569
3104
3767
1802
8219
549
106
3377
1428
9911
4248
7709
3335
5097
5339
7786
1263
1702
6569
5586
875
7092
9132
7187
833
3431
1260
6065
9695
1364
7317
3237
2014
9080
517
2766
8463
7532
8029
23
5856
9682
2562
6966
1368
9503
2877
8222
1616
6770
934
5457
3646
6379
1077
1403
7698
4338
6615
8746
1521
7808
8462
2381
9069
7441
5348
5727
4077
733
5850
7175
734
6999
5484
5629
1055
8867
7936
1407
9784
6852
5715
3218
3016
353
1425
9083
4939
7153
9410
9697
3011
6467
5960
6088
3765
683
2004
8593
9901
276
1058
9346
1493
7817
2912
8127
2370
7533
5813
1539
9960
3696
8453
4784
6039
9437
9659
8368
7390
447
248
7875
6164
6071
9703
1822
3332
3979
1897
3722
9051
7943
7366
9676
1032
379
4128
544
528
8836
3407
4085
5007
8431
5336
6608
9972
8277
1696
8197
4341
2841
6141
3278
5430
2821
5688
6521
772
287
7887
8413
8740
2962
7133
7451
5482
1527
8891
5863
7284
5407
3351
3007
9322
2970
1477
3811
8126
3630
6006
1205
1613
7984
4997
3107
5876
56
5388
8694
1288
9663
1285
2407
1910
8817
3484
8301
3817
4677
7345
2814
1386
972
5190
2640
2887
775
1672
4781
6711
3582
5427
8194
3406
6265
8058
4236
9372
4258
3852
8281
411
6860
9967
9629
4739
9516
2957
3960
3263
1624
6483
6416
2139
759
944
2132
729
791
299
3315
7414
9923
3918
5555
7649
3752
6953
2572
2639
2695
5466
7896
4374
8930
3651
3908
9754
9311
6501
178
400
9925
577
2718
4296
7270
8551
6059
3082
858
4625
3040
246
5084
7085
3177
4632
5324
6114
461
9082
4783
1137
7751
6104
5695
5331
5822
1127
4167
8937
5661
5801
747
5243
2952
8720
5740
9188
4290
1115
7479
5733
1280
4305
5077
4533
7566
3729
2596
2362
8273
6585
827
6333
6576
7736
3673
6092
2495
8208
5471
3220
3063
6232
3109
765
816
5462
8939
6256
6336
3768
4692
7886
5909
7633
3634
2772
271
5566
4743
165
8517
4885
4919
3999
8065
8136
3347
8969
8642
9146
2669
2737
6303
5647
2936
4809
3433
4088
8549
7635
6087
5333
306
4681
1703
4835
4333
723
7143
554
4827
8921
9402
7074
4092
9668
9721
7803
313
7552
2503
3221
2545
9282
8346
1923
8541
1054
6568
8885
2358
3187
9382
7149
8131
7826
9297
6677
2857
7369
8294
818
662
4557
2446
2263
3732
4844
7361
1945
193
611
5729
5258
8165
7982
1218
8532
2441
4356
3460
5302
7495
6067
3432
5101
3201
6195
1507
6077
6018
7261
1904
5011
5378
3318
4728
7662
6960
9813
441
5435
3441
7932
2205
172
7988
2532
9569
1492
4382
8542
2615
8107
9490
5055
6299
2338
3161
9677
2802
3548
3853
976
1737
5987
351
2250
8844
9597
9617
6890
3703
5573
8372
5420
4555
2329
3425
5966
1272
7198
2341
2376
9994
840
8351
7359
137
6581
8082
3300
5216
166
363
7183
4401
3719
7790
3165
3897
4909
3236
4195
1286
7941
7872
4431
7685
2356
4466
7160
4772
4298
4089
8049
8008
5836
7580
740
422
3516
8460
8274
8786
7795
3982
3494
7793
8137
7431
2165
2644
589
2432
6905
7054
7545
4938
3649
6441
6402
6743
9770
670
2400
8580
5947
326
6552
4143
3846
4239
8230
5580
285
1561
6713
6207
131
7288
5184
7454
7927
2696
9746
5584
8385
5926
7692
3283
7832
5130
3246
2742
7132
2136
7550
9570
3267
1796
3988
7765
70
872
2412
2649
2009
9378
1463
7256
7172
9934
6444
6590
6462
5390
3679
432
750
145
5716
9914
4732
2269
7605
7007
5983
5714
3108
7342
6439
3206
5318
483
4578
2463
8615
9810
4905
9334
3689
8051
2222
9474
1594
8020
7239
1967
9963
1543
3978
329
1752
2047
3472
3907
5865
8894
7727
5602
2987
5066
8298
680
7712
3487
7866
5748
1525
7299
4207
4177
6782
2280
6351
5038
362
1876
4071
1929
1020
5766
6382
9225
6466
4840
4534
790
4225
9985
7942
852
8251
8193
541
6514
8823
842
647
5307
3124
4011
6278
2343
1302
2713
1889
4544
92
1486
8864
3502
219
728
3379
7063
9575
6647
1274
1057
8404
7405
7644
9180
4763
1557
6214
6157
6753
9253
5086
3991
8684
5221
3453
6226
9333
8929
233
6062
2307
4719
9811
4725
5375
2566
2937
1969
7909
7387
6572
5672
1817
6438
7265
1041
2734
9949
5165
4986
448
1966
5421
8924
1895
3537
5215
4897
380
4975
2535
7836
1336
7588
7109
7607
3191
1553
4587
2521
4001
9412
5922
6021
2256
2248
7587
531
8285
1080
1691
9593
8399
8857
5649
236
7337
5486
5560
8873
2063
120
5460
5251
8492
4887
1971
7140
5873
5728
2378
332
6804
8853
2792
2982
415
3667
2984
5975
1855
7362
3884
2739
1264
4845
2867
2488
7116
6112
8816
5156
4054
9207
225
6546
8074
9369
7010
1677
8964
930
2261
2336
140
3228
3265
7155
5935
1641
9077
9449
3100
4915
2764
6547
6031
8501
1546
9919
5867
5151
940
9265
2731
911
7039
4182
148
8537
3277
1728
3372
6378
2339
649
5635
6191
1540
5601
3577
1124
8883
9006
8005
9407
4649
5429
2122
3093
5917
9897
3034
4855
407
6876
3459
154
194
2053
2977
9063
9787
2293
1511
9264
2785
1468
3052
2312
7534
9247
5458
7258
7273
4114
6437
2746
5764
8814
1052
6397
9482
3893
6364
9254
956
2660
7080
4107
8
7864
2958
7825
5653
3449
1478
3284
9628
4563
1469
9915
8759
9827
7078
7177
4056
340
6219
4782
6625
216
7884
6247
1826
4646
8308
954
4779
824
4383
7815
7278
2568
4991
5534
9236
4750
5003
748
2437
5124
7989
7386
4328
3939
4241
2481
4297
5924
5532
8348
7862
1357
4375
4838
4902
6313
1570
8513
3247
9779
3120
7947
3857
8289
477
9880
478
8433
1630
2328
6739
2940
7059
3797
8343
4956
9041
6737
8723
4192
7822
1243
9653
536
5083
2786
5814
6627
4460
7956
7738
4302
5274
7560
7401
3281
2893
5291
7706
5782
9252
5771
7224
5776
9380
8527
598
6730
2538
8503
9672
330
4974
6331
2889
576
6715
2788
6777
1091
3843
1675
7606
4257
1320
2322
3195
4230
7168
5790
6628
1472
2829
3947
6854
7011
1757
5664
8685
5015
9716
9510
6240
5417
3535
1748
6623
6030
6038
6282
9423
6015
8727
8050
1892
3463
9710
3005
7379
1518
14
5009
1223
5528
108
5045
3792
5345
5178
1685
4093
8697
3552
7142
8473
344
2705
4521
5166
957
7395
195
2684
3841
4628
5700
2997
2098
401
4315
2277
5467
9179
9345
839
1262
8408
3985
6361
763
8480
3770
2774
5445
7693
975
5760
9019
5081
7627
7192
3013
6961
240
3995
4052
7130
8056
125
3429
3457
3325
7298
7314
167
129
1587
1949
1592
2145
286
829
2536
6239
8932
9804
9181
5051
5639
1360
4486
9469
6855
4294
1849
3116
6186
4490
9171
5163
8133
5793
6993
4949
2575
8256
3937
8560
3862
3560
255
4243
5658
9965
3571
6385
7616
5344
9121
4976
929
3777
1170
9565
5231
557
8398
8552
5320
9481
1348
9630
5805
2487
1955
1930
865
6312
5905
1975
2972
5718
1532
5283
416
2748
3035
3965
9959
4254
3648
5946
7197
8458
1797
5303
2033
9638
2542
2646
9135
677
5634
9298
8899
9217
3420
5400
3885
4156
6429
8437
9011
4223
5982
9020
7294
6165
4786
836
9989
1271
8670
6174
267
9879
4147
9613
9137
3499
855
9793
9138
9059
5155
2673
532
1078
6793
9123
8026
5630
4882
5237
5816
2920
6807
9473
5403
6650
4078
9821
1209
4188
4767
4265
2065
5284
7426
648
9641
3038
9826
4688
6392
5978
4736
2105
2027
8223
3342
5418
7598
1952
2546
3015
9768
8128
4197
803
5621
9944
253
9096
6447
8177
5598
3233
7204
7003
7880
3270
8227
6363
735
7704
7743
3723
4539
2249
6648
6506
6076
3697
2292
4600
9798
9899
6968
2274
1361
3169
312
8355
6139
6675
7600
8143
6587
3084
826
2366
1504
894
4548
571
4647
4828
3847
3503
4158
590
6365
7658
8380
2754
8653
9266
6105
725
4503
2723
3302
7141
6409
6482
2507
1421
2422
3365
2623
1746
7507
3026
7331
1922
4942
3339
964
1102
5192
1791
6058
9930
3376
6314
1328
5684
1605
1390
3156
1
7800
1199
7422
8540
2401
3204
7900
9193
4287
3567
3075
7852
5854
2188
8811
1497
9443
8847
302
9999
6693
3540
2784
5325
9274
9560
9039
5826
8374
2808
7819
6519
3889
3524
6875
2658
1214
3556
7150
4573
7630
2609
2462
2856
4277
7374
8124
2983
9738
6527
9655
5524
9347
3904
119
7152
6629
9031
9993
2837
2025
7480
5491
7762
5236
8330
9009
7938
7122
2622
3357
5206
8815
9757
604
2648
3987
5803
5497
9259
9172
596
2062
2151
1089
1365
5259
2839
7544
5248
2749
6765
9300
5037
3386
2519
3447
5438
4231
1820
8176
8123
8645
8825
7327
9986
3706
5641
1638
1987
5527
1597
902
294
5314
488
8231
3333
2314
8961
4888
5295
9991
8486
6143
9409
2344
9842
209
1087
9397
2068
3388
970
7013
6004
743
8098
7858
7799
18
1852
4580
9661
7557
6360
4301
6847
2168
4990
910
2820
2637
6201
9486
5174
4762
5712
79
6461
9383
8927
7470
1351
8674
9766
1159
745
1799
666
1117
7034
3796
4911
78
3490
1308
2183
408
7015
4322
9354
8018
2085
8414
5575
4645
8264
8529
4932
8303
9056
6549
9062
1775
3224
1090
1602
8032
6124
1379
6083
2863
4434
8699
3764
170
138
4485
7425
631
7674
6035
7823
5424
4133
2630
3681
1798
2641
6575
1011
9839
9156
5535
6511
5411
4115
895
3562
9037
4514
3613
3212
4387
2039
5292
2365
7646
9832
6624
3736
4806
831
1018
691
9624
2268
4631
1293
2218
6401
2810
883
4476
4972
704
7306
9221
3090
5048
8745
1806
9204
5175
6275
1618
2824
8860
793
4058
5287
3751
425
3642
3808
1661
4362
4761
9479
2288
4529
2830
7083
1610
9690
9530
9438
1480
7561
8153
1416
1029
2845
5620
2315
5726
8547
4010
3976
5182
9268
825
7543
1733
2905
8703
2494
5393
5514
2791
5079
2617
6958
5271
7863
5058
5240
6978
6013
6989
319
7502
2428
5071
901
3467
588
9284
806
356
1550
3241
6678
4833
8310
7946
4204
4968
5091
1547
2653
9208
626
7244
2870
5143
4655
1136
9417
6037
923
820
9621
4869
7975
4087
4334
4283
6196
927
999
5972
4136
5047
4614
2091
7267
9381
4496
4220
32
771
817
1076
2360
7316
8091
3848
1509
7434
6189
871
6827
2692
24
2093
3967
8926
1755
8499
1920
5185
3439
5300
4009
3194
9237
5018
3373
3419
7086
8682
7758
5121
8538
3136
8363
201
4716
9524
7407
9590
2350
2969
4917
4660
6054
6981
5080
5257
2072
3874
6159
8511
632
8019
8622
4187
7450
7990
8893
8235
7889
9197
4891
8470
2055
324
1694
3861
3655
2531
3415
3593
7967
1402
6610
6185
9856
5907
2197
8771
7807
4135
7986
2753
250
6421
157
1362
529
9938
15
8792
5988
2447
4935
7839
6523
5984
971
2342
6586
3607
7310
3208
8302
6676
1496
5737
2493
6494
2415
3814
6951
43
1423
8987
2138
7184
8175
8240
8161
6340
9202
6252
8528
5604
4494
9857
3784
1998
2779
3162
4703
8584
7873
7311
6974
8041
9476
664
2451
5329
5338
7070
9853
2777
1545
7191
558
4142
7464
2201
9283
959
4131
1438
4574
5645
7120
867
4615
64
7604
2468
6096
4871
5721
5599
3621
445
5213
1388
6907
6052
3730
5785
9343
1267
8109
2553
5122
6032
6536
5210
1608
1172
9650
1483
1745
7121
9732
4409
2473
4721
1046
9556
1568
9232
3875
841
9958
7131
4912
9534
187
5896
3881
1045
475
8638
4567
8835
5107
8640
7584
323
6060
4693
498
2331
2797
8172
1437
81
7179
5454
8804
8040
5637
3876
4818
4397
9182
5944
3119
7892
3468
4437
6085
4710
5981
115
9660
1215
7364
5499
6652
431
1151
9549
7656
7848
7268
4842
3936
7681
6772
742
2270
6177
6734
7300
7146
7489
8389
3480
134
3196
3434
1974
4590
2657
1664
5908
373
4562
7112
4449
4153
7950
5934
7729
4727
6998
778
4411
4020
3461
4765
1152
5093
5104
7718
1139
933
3350
76
7329
7971
6305
8024
4021
7252
8145
6808
5910
6190
3421
4168
6407
2416
4545
770
8641
8747
7764
8407
7500
3153
3672
8185
9038
7531
1220
7382
9199
7747
241
5327
6255
3551
3219
8217
7570
757
383
2156
8120
3028
2361
3022
8461
6781
5167
4598
2464
9070
5449
3945
2522
9165
5866
8643
4005
2214
5845
6945
4081
4729
2217
3072
1665
8063
9413
6895
6368
4874
1393
2770
1951
8211
980
4008
3154
3077
965
1165
4102
9824
7731
7025
206
6022
4843
641
7643
9196
5415
847
4037
6718
6803
6130
9667
8189
2007
2260
8606
4403
8629
1037
9582
2981
9649
6836
3076
2202
1377
1954
3374
3510
3554
5834
2592
6659
2373
8766
6795
9218
9263
1434
5795
7928
9730
7188
2862
5600
5363
337
2662
46
2184
8571
61
8253
8559
4953
398
4
3422
2727
6075
6281
9068
8820
6380
9681
3806
1789
9098
1131
9763
7009
8585
7812
3933
8813
6882
2956
635
8888
9144
3262
6802
6443
1583
237
5861
1169
1446
612
1750
1617
6298
7773
7820
2899
9736
1566
6559
3303
3060
2511
2555
3566
1401
5968
1016
8104
2
4538
6565
9242
3183
6216
7313
1113
3879
5693
8357
5587
9664
4634
1304
813
2672
9501
2844
31
9416
5606
2398
6932
2364
7262
55
3242
4973
5994
38
6971
6973
2045
2144
6551
3497
1049
2028
5507
5797
8744
3657
3675
3656
9771
5157
6927
1614
9024
2461
7216
9815
218
5788
7985
4653
5138
7689
903
8839
3170
5802
2327
3938
5611
530
470
6740
1485
2456
2804
2626
8621
4662
2166
7856
8986
6152
7754
6430
8521
6495
1307
5993
6928
3500
9881
3383
6642
548
6099
3437
5849
7205
1571
6317
3837
1867
6138
2818
